size = 784 # needed for image testing
max = 10000
lambd = 100
iterations = 10
horn_iterations = 1000000

M_C Results
G0_Time: 0.24599695205688477
GR_Time: 1.159562349319458
GG_Time: 1.2905209064483643
GR_MSE: 1.719603582180103e-08
GG_MSE: 1.7195994709822238e-08
M_R Results
G0_Time: 0.6630206108093262
GR_Time: 1.2434935569763184
GG_Time: 1.2605986595153809
GR_MSE: 1.688046815642178e-08
GG_MSE: 1.6880466150365407e-08
M_G Results
G0_Time: 0.2364943027496338
GR_Time: 1.1294550895690918
GG_Time: 1.2659988403320312
GR_MSE: 1.731981303033229e-08
GG_MSE: 1.7319784196088885e-08